4.478951280000000423e+00
4.574352789999999835e+00
1.111046540000000027e+00
2.043737259999999889e+00
4.885164559999999767e+00
5.353568600000000455e-01
2.747804529999999801e+00
4.786164700000000161e-01
6.175104089999999601e+00
5.137332739999999731e+00
5.463536030000000210e+00
5.720290639999999982e+00
2.210206949999999892e+00
2.939773750000000074e+00
4.287399869999999780e+00
5.209626069999999665e+00
1.192093070000000088e+00
4.218598769999999831e+00
6.024017340000000331e+00
3.876724879999999818e+00
1.967802100000000110e+00
2.835469289999999809e+00
4.970910530000000271e+00
4.478272149999999563e+00
2.722030000000000172e+00
5.141958739999999750e+00
2.435330350000000088e+00
2.500229270000000170e+00
-1.106959200000000032e-01
5.644727170000000349e+00
4.510334470000000096e+00
1.451591360000000108e+00
1.314608589999999966e+00
1.706127790000000033e+00
6.019368960000000435e+00
3.878029939999999787e+00
4.888423330000000178e+00
4.287628390000000067e+00
4.848312690000000202e+00
3.115528299999999806e+00
5.320201309999999850e+00
1.400599359999999960e+00
4.084800989999999743e+00
1.753717750000000075e+00
4.575929720000000422e+00
4.697534880000000079e+00
6.237152999999999725e-01
5.576329999999999565e+00
1.617675399999999986e+00
4.765636699999999948e+00
5.999152119999999755e+00
9.052698000000000134e-01
2.413715139999999870e+00
1.066119119999999976e+00
1.776583299999999976e+00
3.757340380000000035e+00
5.287785050000000098e+00
2.114953550000000071e+00
5.742319659999999715e+00
5.485609130000000278e+00
5.852615899999999982e+00
6.301498569999999688e+00
3.302835539999999792e+00
4.272924549999999932e+00
