4.457135010000000008e+00
4.600086819999999577e+00
1.146913840000000073e+00
2.055563260000000003e+00
4.871446220000000160e+00
5.011408800000000108e-01
2.733925220000000156e+00
4.700880299999999901e-01
6.196920360000000016e+00
5.111598709999999990e+00
5.427668729999999719e+00
5.708464639999999868e+00
2.223925289999999944e+00
2.973989729999999998e+00
4.301279179999999869e+00
5.218154509999999746e+00
1.170276799999999895e+00
4.244332799999999573e+00
6.059884639999999933e+00
3.888550879999999932e+00
1.954083760000000058e+00
2.801253309999999885e+00
4.957031220000000182e+00
4.469743710000000370e+00
2.743846270000000143e+00
5.116224710000000009e+00
2.399463050000000042e+00
2.488403270000000056e+00
-9.697757999999999379e-02
5.678943150000000273e+00
4.524213780000000185e+00
1.460119799999999968e+00
1.292792319999999995e+00
1.731861819999999996e+00
6.055236260000000037e+00
3.889855939999999901e+00
4.874704989999999682e+00
4.253412410000000143e+00
4.834433380000000113e+00
3.106999860000000169e+00
5.342017580000000265e+00
1.374865329999999997e+00
4.048933690000000141e+00
1.741891749999999961e+00
4.589648060000000029e+00
4.731750860000000003e+00
6.375946099999999506e-01
5.584858439999999646e+00
1.595859130000000015e+00
4.791370729999999689e+00
6.035019420000000245e+00
9.170958000000000165e-01
2.399996799999999819e+00
1.031903140000000052e+00
1.762703990000000109e+00
3.748811939999999954e+00
5.309601319999999625e+00
2.089219519999999886e+00
5.706452360000000112e+00
5.473783130000000163e+00
5.866334239999999589e+00
6.335714549999999612e+00
3.316714849999999881e+00
4.281452990000000014e+00
