6.755115021031723455e-01 2.516611478423583792e-01 -3.046424421249600556e-01 -6.225302078205705580e-01
7.156823633637802162e-01 1.771490998425198360e-01 -2.763525957543309652e-01 -6.164788674519688927e-01
6.792361427938939933e-01 2.456811580318340182e-01 -3.034884893334419687e-01 -6.214288114922859041e-01
6.793275134690645034e-01 2.264425044896883066e-01 -2.566348384216464718e-01 -6.491351795371058664e-01
6.559624519370408358e-01 2.811267651158746994e-01 -3.079007427459579116e-01 -6.291884743069573460e-01
6.599488502374042387e-01 2.717436442154017029e-01 -2.976239912835352830e-01 -6.340685031692707696e-01
6.485317765649513122e-01 2.907211412187712396e-01 -3.056299176915289739e-01 -6.336230000921940775e-01
6.774468668106481406e-01 2.395014175593200290e-01 -2.805588034266320308e-01 -6.363894809433360278e-01
6.889157903110908476e-01 2.138014521655108580e-01 -2.613128859800689652e-01 -6.414043564965327127e-01
6.976819652324345311e-01 1.953509502650817020e-01 -2.511655074836763868e-01 -6.418674080138396798e-01
6.754222709202509778e-01 2.501563966371299630e-01 -3.001876759645560333e-01 -6.253909915928249630e-01
6.584880844609486417e-01 2.576692504412408380e-01 -2.576692504412405604e-01 -6.584880844609483086e-01
7.032072984126855886e-01 1.917838086580052337e-01 -2.628148489017106959e-01 -6.321762581689798211e-01
6.665541503234780896e-01 2.681539685209394785e-01 -3.141232202673862051e-01 -6.205848985770313631e-01
6.748819059987714031e-01 2.699527623995086056e-01 -3.599370165326780668e-01 -5.848976518656018309e-01
6.318491092212270566e-01 3.276254640406362495e-01 -3.510272829006818029e-01 -6.084472903611817252e-01
6.631219685300365763e-01 2.877699108715252030e-01 -3.628403224032276664e-01 -5.880515569983344459e-01
6.800151990195160145e-01 2.491144788487335837e-01 -3.164427163754184869e-01 -6.126869614928314167e-01
6.882571307465297217e-01 2.253585295364742835e-01 -2.862662402220079172e-01 -6.273494200609961435e-01
6.442658805125871524e-01 2.988862332274889178e-01 -3.121700658153772623e-01 -6.309820479246988079e-01
7.029479007173585758e-01 1.870228359706733734e-01 -2.515134690640089543e-01 -6.384572676240227729e-01
6.603071714773024459e-01 2.790989075316433476e-01 -3.199426500972498144e-01 -6.194634289116963677e-01
6.223643739201492053e-01 3.457579855111941325e-01 -3.734186243520893900e-01 -5.947037350792535593e-01
7.087321463219553586e-01 1.880309775956209017e-01 -2.748145057166764271e-01 -6.219486182008994168e-01
6.497215841095421718e-01 2.409080030967965802e-01 -1.971065479882880278e-01 -6.935230392180504744e-01
7.186663581888155239e-01 1.550064694132740062e-01 -2.395554527296050729e-01 -6.341173748724840964e-01
6.859943405700352770e-01 2.286647801900117405e-01 -2.858309752375147172e-01 -6.288281455225324112e-01
6.818536108505890425e-01 2.360262499098193245e-01 -2.884765276675567147e-01 -6.294033330928511250e-01
6.937743320792096879e-01 2.225313895348408344e-01 -3.010718799589022776e-01 -6.152338416551480504e-01
6.735753140545633899e-01 2.294597223702359579e-01 -2.442635754263800252e-01 -6.587714609984189895e-01
6.935230392180505854e-01 1.971065479882881388e-01 -2.409080030967964414e-01 -6.497215841095420608e-01
7.154350566973513015e-01 1.903451068277355884e-01 -3.084903455483992696e-01 -5.972898179766878979e-01
6.110179894174487814e-01 3.394544385652492058e-01 -3.024230452672221348e-01 -6.480493827154759634e-01
6.310735231081313623e-01 3.243835866443666727e-01 -3.361793534314344023e-01 -6.192777563210632996e-01
6.976819652324345311e-01 1.953509502650817020e-01 -2.511655074836763868e-01 -6.418674080138396798e-01
7.029594915666378396e-01 2.162952281743502347e-01 -3.244428422615249219e-01 -5.948118774794624031e-01
7.042106960028240437e-01 2.143249944356420966e-01 -3.245492772882579979e-01 -5.939864131502080591e-01
6.976819652324345311e-01 1.953509502650817020e-01 -2.511655074836763868e-01 -6.418674080138396798e-01
6.781165396244750454e-01 2.416277325098703521e-01 -2.883943904150065851e-01 -6.313498817193387014e-01
6.851967489980853587e-01 2.283989163326951566e-01 -2.821398378227409909e-01 -6.314558275080394134e-01
6.729246417404159963e-01 2.650915255341032006e-01 -3.330637115684888516e-01 -6.049524557060307339e-01
7.713892158398699683e-01 6.428243465332240947e-02 -2.571297386132900264e-01 -5.785419118799025595e-01
6.518435575534031745e-01 2.837436662291284439e-01 -2.990811617009731527e-01 -6.365060620815582437e-01
6.841935437938067022e-01 2.427783542494152957e-01 -3.163475525068137340e-01 -6.106243455364079864e-01
6.413680945131344791e-01 2.788556932665802179e-01 -2.509701239399221850e-01 -6.692536638397924564e-01
7.142400146486233004e-01 1.840824780022225216e-01 -2.871686656834671614e-01 -6.111538269673787438e-01
6.384342851931881224e-01 2.961808539556028408e-01 -2.830172604464646358e-01 -6.515978787023257723e-01
6.690386626313092888e-01 2.527479392162725325e-01 -2.824829908887749319e-01 -6.393036109588065008e-01
6.678827178553431443e-01 2.607922993530388256e-01 -2.989570260876297514e-01 -6.297179911207519964e-01
6.900993852564130115e-01 2.254780169649665544e-01 -2.938046887725323519e-01 -6.217727134488473251e-01
7.121976084809691354e-01 -2.130505666396058650e-01 1.521789761711474231e-01 -6.513260180125098886e-01
6.971392331664505448e-01 -1.951989852866062025e-01 1.673134159599480308e-01 -6.692536638397925675e-01
6.948083337796513437e-01 -2.481458334927324483e-01 1.985166667941862251e-01 -6.451791670811045654e-01
6.923607082138490965e-01 -3.033940182060689272e-01 2.256006802045125714e-01 -6.145673702122932403e-01
7.029894945274105522e-01 -2.785430072655778466e-01 1.989592909039840096e-01 -6.234057781658169928e-01
6.364586508668788056e-01 -2.321202138455676911e-01 2.770467068479354200e-01 -6.813851438692468676e-01
6.704019586152419885e-01 -1.946328266947477958e-01 2.090500731165808868e-01 -6.848192050370752737e-01
7.062245515464486978e-01 -1.765561378866123410e-01 1.412449103092895397e-01 -6.709133239691263961e-01
6.978257097476443516e-01 -2.410670633673681063e-01 1.903161026584483662e-01 -6.470747490387247502e-01
6.742847689382922560e-01 -2.129320322963028644e-01 2.129320322963027257e-01 -6.742847689382924781e-01
7.010681840159741496e-01 -2.886751345948128655e-01 2.061965247105806420e-01 -6.185895741317418706e-01
6.973601932954615057e-01 -2.014596113964667867e-01 1.704658250277794329e-01 -6.663664069267745127e-01
7.144957674337002462e-01 -2.910908682137296477e-01 1.852396434087371369e-01 -6.086445426287075966e-01
6.532471155396888385e-01 -2.458456886439689404e-01 2.598940137093386782e-01 -6.672954406050585208e-01
7.288464919407039444e-01 -1.457692983881408721e-01 8.098294354896712344e-02 -6.640601371015303345e-01
7.234393450603224807e-01 -2.066969557315207762e-01 1.291855973322004469e-01 -6.459279866610023735e-01
6.303454792393550221e-01 -2.101151597464516740e-01 2.747659781299753301e-01 -6.949962976228786227e-01
6.788225099390856609e-01 -1.979898987322332438e-01 1.979898987322332438e-01 -6.788225099390856609e-01
6.963730592072542303e-01 -3.749701088039060770e-01 2.410522128025110455e-01 -5.624551632058591988e-01
6.969861621133437435e-01 -2.323287207044479052e-01 1.873618715358451037e-01 -6.520193129447409142e-01
6.338892698964285755e-01 -2.326935294556511935e-01 2.808370183085440730e-01 -6.820327587493222321e-01
7.262040090592467578e-01 -2.135894144291902441e-01 1.281536486575141909e-01 -6.407682432875707601e-01
6.578947368421051989e-01 -3.421052631578948011e-01 2.894736842105263275e-01 -6.052631578947369473e-01
6.455906325478822927e-01 -2.420964872054556516e-01 2.689960968949511311e-01 -6.724902422373769673e-01
7.137140824041242615e-01 -2.201174272835151324e-01 1.534151765915405530e-01 -6.470118317121502649e-01
7.199544955538966784e-01 -2.225313895348408622e-01 1.439908991107794467e-01 -6.414140051298353740e-01
6.980347767053601826e-01 -2.816631555126891673e-01 2.081858105963355077e-01 -6.245574317890063565e-01
6.818536108505890425e-01 -2.884765276675567147e-01 2.360262499098193245e-01 -6.294033330928511250e-01
6.735753140545633899e-01 -2.442635754263801917e-01 2.294597223702358746e-01 -6.587714609984192116e-01
7.359310117618296232e-01 -1.766234428228391495e-01 8.831172141141950538e-02 -6.476192903504101039e-01
7.031305165931046597e-01 -2.445671362062971643e-01 1.834253521547229426e-01 -6.419887325415301049e-01
7.082298102477215807e-01 -2.260307905045921828e-01 1.657559130367007860e-01 -6.479549327798306280e-01
7.126966450997983538e-01 -2.078698548207744412e-01 1.484784677291246524e-01 -6.533052580081485372e-01
6.064162368760073196e-01 -3.243621732127478507e-01 3.525675795790739198e-01 -6.346216432423329445e-01
6.060915267313266019e-01 -2.020305089104421914e-01 3.030457633656631899e-01 -7.071067811865475727e-01
6.618845788589303725e-01 -1.479506705684668355e-01 1.946719349585089576e-01 -7.086058432489725778e-01
7.008850777290728251e-01 -2.336283592430242195e-01 1.817109460779078034e-01 -6.489676645639562702e-01
7.057714685048497305e-01 -3.302233476490582520e-01 2.136739308317435471e-01 -5.892220516875352754e-01
6.687762430634059951e-01 -1.592324388246205147e-01 1.910789265895445066e-01 -7.006227308283302646e-01
6.889157903110907366e-01 -2.613128859800689652e-01 2.138014521655108580e-01 -6.414043564965329347e-01
6.288600661342836906e-01 -2.500287009931488336e-01 2.954884648100852274e-01 -6.743198299512197513e-01
6.621943205668833210e-01 -2.207314401889610977e-01 2.349721782656682134e-01 -6.764350586435905477e-01
7.046642634176440989e-01 -2.348880878058813293e-01 1.761660658544110525e-01 -6.459422414661738499e-01
7.186052063706126480e-01 -2.053157732487464748e-01 1.368771821658309462e-01 -6.501666152876970362e-01
6.676503510978769595e-01 -2.329012852667013134e-01 2.329012852667013134e-01 -6.676503510978772926e-01
6.597728450302707826e-01 -1.592555143176513366e-01 2.047570898369807380e-01 -7.052744205495993235e-01
6.703423171279804249e-01 -1.926271026229830485e-01 2.080372708328215026e-01 -6.857524853378192953e-01
7.001070728905941509e-01 -2.148843491050337895e-01 1.732938299234143831e-01 -6.585165537089746612e-01
7.573525624900702136e-01 -1.479884317509332081e-01 2.611560560310593332e-02 -6.354797363422428624e-01
6.857524853378192953e-01 -2.080372708328216413e-01 1.926271026229827987e-01 -6.703423171279805359e-01
5.369550729813118428e-01 -3.705746278321732090e-01 4.462021028999633709e-01 -6.125825480491025044e-01
5.944218252361230803e-01 -3.628289063129582215e-01 3.782684342411691825e-01 -6.098613531643342078e-01
6.295956432820629667e-01 -3.728673227204452600e-01 3.361918483544997227e-01 -5.929201689161177624e-01
5.785509627593542481e-01 -3.363668388135778731e-01 3.901855330237505304e-01 -6.323696569695265168e-01
5.856083639056143264e-01 -3.789230589977504171e-01 3.927020793249412778e-01 -5.993873842328051316e-01
5.969812989488776367e-01 -3.926093227321448831e-01 3.818529029312640599e-01 -5.862248791479971466e-01
5.605763195639520413e-01 -3.363457917383710916e-01 4.110893010135647230e-01 -6.353198288391453952e-01
5.959577253689058995e-01 -3.663226385295110799e-01 3.772576426647202275e-01 -6.068927295041153247e-01
5.982984655147817188e-01 -4.068429565500516487e-01 3.829110179294602512e-01 -5.743665268941905433e-01
6.242850533251798062e-01 -3.320665177261592493e-01 3.320665177261593604e-01 -6.242850533251795841e-01
6.656189421992178001e-01 -2.893995400866161138e-01 2.604595860779548300e-01 -6.366789881905557946e-01
6.321413301197849055e-01 -3.738470231891200535e-01 3.330637115684886851e-01 -5.913580184991535926e-01
6.499336836196814016e-01 -3.581267236271716281e-01 3.050709127194421999e-01 -5.968778727119525840e-01
6.014344909412725482e-01 -4.115078095913968781e-01 3.798533626997510626e-01 -5.697800440496264551e-01
6.107089113244671408e-01 -4.214751641535052773e-01 3.698659603796068396e-01 -5.590997075505682590e-01
6.444022325288262243e-01 -3.375440265627187020e-01 3.068582059661075223e-01 -6.137164119322158218e-01
6.107869094873663585e-01 -3.186714310368868874e-01 3.452273836232940263e-01 -6.373428620737737749e-01
5.899955488669396120e-01 -2.949977744334696950e-01 3.630741839181167441e-01 -6.580719583515862725e-01
5.780070054746849761e-01 -4.654746681256314855e-01 4.143236056942432022e-01 -5.268559430432971924e-01
6.198898071616643080e-01 -3.932634260487976041e-01 3.532705352641742902e-01 -5.798969163770406610e-01
6.410145505206872318e-01 -3.576186439746992241e-01 3.171335144681294294e-01 -6.005294210141176592e-01
6.022141400727794025e-01 -3.477574611687880846e-01 3.647212397623877389e-01 -6.191779186663787238e-01
5.936941617984486941e-01 -4.094442495161714213e-01 3.889720370403629279e-01 -5.732219493226399232e-01
6.688814094270053578e-01 -3.450019901255081400e-01 2.745934207121391024e-01 -5.984728400136365423e-01
6.130539856403975918e-01 -3.133387037717588752e-01 3.405855475779986374e-01 -6.403008294466374650e-01
6.159460359307642463e-01 -3.137838296251062031e-01 3.370270762640030782e-01 -6.391892825696610103e-01
6.718371735125338029e-01 -3.213134308103424153e-01 2.628928070266435268e-01 -6.134165497288354141e-01
6.467811004159006449e-01 -2.857869978581887849e-01 2.857869978581887849e-01 -6.467811004159008670e-01
5.993873842328053536e-01 -3.927020793249412223e-01 3.789230589977503616e-01 -5.856083639056141044e-01
6.324555320336757713e-01 -3.162277660168379967e-01 3.162277660168378302e-01 -6.324555320336758824e-01
6.277776704323355661e-01 -3.854775169321354999e-01 3.414229435684631997e-01 -5.837230970686624332e-01
6.302718308794961199e-01 -2.685506062008289341e-01 3.014343538988894511e-01 -6.631555785775569145e-01
6.021204361320442455e-01 -4.060812243681228839e-01 3.780756226875625070e-01 -5.741148344514839241e-01
6.309820479246988079e-01 -2.988862332274889178e-01 3.121700658153772623e-01 -6.442658805125871524e-01
5.494895146073993653e-01 -3.347464859102547430e-01 4.231700859620201594e-01 -6.379131146591647816e-01
6.609009340826706991e-01 -4.010595411954666067e-01 2.993824744135174520e-01 -5.592238673007211558e-01
5.915238564541726030e-01 -3.233663748616142919e-01 3.706882833779480690e-01 -6.388457649705063801e-01
5.987641593469991141e-01 -2.993820796734995571e-01 3.538151850686812039e-01 -6.531972647421808720e-01
6.499336836196814016e-01 -2.785430072655779021e-01 2.785430072655776246e-01 -6.499336836196817346e-01
6.694175366251176040e-01 -3.380227165136731604e-01 2.717437524913844382e-01 -6.031385726028285488e-01
6.386995752791169156e-01 -3.832197451674702049e-01 3.264464495871040595e-01 -5.819262796987511033e-01
7.119128831778552824e-01 -3.489769035185562585e-01 2.093861421111338217e-01 -5.723221217704324015e-01
5.944218252361230803e-01 -3.628289063129582215e-01 3.782684342411691825e-01 -6.098613531643342078e-01
6.063390625908324783e-01 -3.638034375544993981e-01 3.638034375544996202e-01 -6.063390625908324783e-01
6.282898046008139614e-01 -3.652847701167521999e-01 3.360619885074121460e-01 -5.990670229914736300e-01
6.854345735730479339e-01 -3.712770606854008393e-01 2.570379650898930168e-01 -5.711954779775398894e-01
6.605509792662717095e-01 -3.963305875597631922e-01 2.989862327205229375e-01 -5.632066244270318434e-01
6.558409201265448241e-01 -3.314464865155656303e-01 2.891341690880467330e-01 -6.135286026990257602e-01
6.042887490560971964e-01 -2.981157828676747057e-01 3.464588827921624148e-01 -6.526318489805850165e-01
5.975301277099982489e-01 -2.911044211920504332e-01 3.523895624956397965e-01 -6.588152690135878897e-01
