-3.582916779618166014e-01 -3.236884577519599793e-01 -1.758776149534093114e-01 8.578577506671860586e-01
-6.652100842971460093e-01 -3.010599034970998789e-01 4.862681711786286942e-01 4.800018166156171384e-01
-3.600291728804994595e-01 -2.486888004713020961e-01 -2.538811451913658424e-01 8.625991185431672870e-01
-6.395810468130909421e-02 -7.924988297559015793e-01 4.048220000747896341e-01 4.516349343624210810e-01
-2.574770911722072397e-01 -3.041351956042230853e-01 -3.037890798163340733e-01 8.654013665927648979e-01
-5.201473149757055436e-01 -1.179253167987072068e-02 -2.761683001402515103e-01 8.081081467958278752e-01
-2.964167461744911525e-01 -2.206003196525245236e-01 -3.455689821366480508e-01 8.625860479636640044e-01
1.849007675452538912e-01 -8.328321006270982263e-01 1.474792759443344092e-01 5.004520571375101756e-01
-6.889037003384961277e-01 -2.458508117067252363e-01 5.858805706357942400e-01 3.488739414094269575e-01
-5.459271704558562588e-01 -4.123735875269841089e-01 2.884393705349811432e-01 6.698613874478592800e-01
4.492834554866365071e-02 -7.744906054135656248e-01 1.078616869325128430e-01 6.217005729323891172e-01
-6.740058558771295782e-01 -2.852663693632749853e-01 4.336056678320250879e-01 5.256665574083795311e-01
-4.099029331011657673e-01 -2.175371756776658672e-01 -2.284130554558736759e-01 8.558531642347053658e-01
-5.585111294966884632e-01 -4.296312289542259522e-01 4.066936504976808586e-01 5.814487079532335567e-01
-6.923617075127467269e-01 -2.592396537063567097e-01 4.939320426545918408e-01 4.576693185645115403e-01
-1.627664666985223496e-02 -7.935931585635597196e-01 2.600204127616622118e-01 5.498493924717499093e-01
-2.537000758485699614e-01 -2.845793131503583928e-01 -3.265861383006460894e-01 8.648655272995746657e-01
-7.238161992310195858e-01 -1.927815050194711111e-01 5.553805840178969166e-01 3.612171202325938357e-01
-3.384342544752211857e-01 -9.855029734545477094e-02 -4.061165396798542271e-01 8.431010915005300310e-01
-2.113391663980216106e-01 -7.135473344938255691e-01 3.663223931438704950e-01 5.585641077479770455e-01
1.788378168898121234e-01 -8.572027450855457253e-01 3.787488713449844724e-01 2.996160568507492683e-01
-6.357454865124223531e-01 -3.381943680870226898e-01 5.468565935314831927e-01 4.270832610679617947e-01
-2.143650142226444233e-01 -2.731622965207133880e-01 -3.729163917664339856e-01 8.604437025097916303e-01
-3.226273610841814410e-01 -1.817431706356971710e-01 -3.543154304189043424e-01 8.586859621387830099e-01
-3.048428028768174203e-02 -8.056870558014100903e-01 4.312732591985257713e-01 4.048980768905661165e-01
-6.508886455243197977e-01 -2.786172821471248895e-01 6.474080300511015906e-01 2.820978976203430966e-01
-6.201316908623240032e-01 -3.400340479294214346e-01 6.194643768891872071e-01 3.407013619025584528e-01
-7.333047469246701811e-01 -1.808319641861488025e-01 5.336874966562860090e-01 3.804492144545330023e-01
1.454961791653559267e-01 -8.219180877515822603e-01 1.451977168360049364e-01 5.312241917502215083e-01
1.511620407034806046e-01 -8.327237580717700149e-01 1.803782513141564681e-01 5.011834660541328867e-01
-7.722570311948918631e-01 -1.117211994229917321e-01 4.273484994342938714e-01 4.566297311835897377e-01
-7.158266989153730941e-01 -2.122232109603774397e-01 5.412102133729956854e-01 3.868396965027547374e-01
-3.230559412147246401e-02 -7.751701604403696821e-01 2.139234628536937910e-01 5.935522917081480498e-01
-3.919478363720479419e-01 -7.114218661955376555e-02 -3.742971701608900914e-01 8.373871931524916601e-01
-1.216343719447346601e-02 -7.644958316454986136e-01 1.497941399388147410e-01 6.268651289011573091e-01
2.248540419254440592e-01 -8.526921006625178823e-01 2.015212373569389426e-01 4.263168213801346584e-01
1.811469034128633804e-01 -8.395732398494669679e-01 1.783159282569020954e-01 4.801104081797015199e-01
-2.860747634710762988e-01 -1.740550119024672771e-01 -3.952375900965592881e-01 8.553673654701025031e-01
-3.788806449748762795e-01 -2.204953843563305371e-01 -2.607606583065759653e-01 8.601366876377830595e-01
1.522789111616919822e-01 -7.924928837388218739e-01 5.193801241459056195e-02 5.882759601625390244e-01
-6.821330283937105943e-01 -2.756585395206662681e-01 4.753916877956740894e-01 4.823998801187028840e-01
1.219515745249077771e-01 -8.423744873211498341e-01 4.497336601813582413e-01 2.706892526148838574e-01
1.258773454123375546e-01 -8.287132099876642899e-01 1.926725650525673850e-01 5.101632995227592948e-01
-5.893888294051233823e-01 -3.993520777258213750e-01 5.409238372849503040e-01 4.478170698459944532e-01
-4.835701930226187217e-01 -9.473357013961558604e-02 -2.539723205425175045e-01 8.322760837047514793e-01
-5.291866933269827322e-02 -7.354022672176205866e-01 1.242918240188714829e-01 6.640291125314474741e-01
-5.913521211858159266e-01 -3.905791785278813211e-01 5.794417353003340487e-01 4.024895644133632544e-01
-6.707961928932407725e-01 -2.927430192055970326e-01 4.737046919053908844e-01 4.898345201934468096e-01
-4.312185548537527113e-01 -1.135526415902129715e-01 -2.989149038346103349e-01 8.436861002785760455e-01
-7.185944727131143850e-01 -2.157866324591674878e-01 4.833783286317550609e-01 4.510027765405266731e-01
-7.133930622492067330e-01 -2.032588227672988412e-01 5.800445740931400307e-01 3.366073109233654881e-01
-4.067946528099681824e-01 9.889432583798922916e-04 -4.103580992576886244e-01 8.161638088092768584e-01
-7.634542231256319367e-01 -1.162214365090188800e-01 3.484168425917735235e-01 5.312588170428772516e-01
-1.961788576143599083e-01 -3.575751436978237274e-01 -3.063605690571334361e-01 8.601145703693169331e-01
4.977823100012493396e-02 -8.197047460316397860e-01 2.641062391481494021e-01 5.058202758833653112e-01
-7.341480110237960099e-01 -1.874055535935917061e-01 4.355243550731116575e-01 4.860292095442760862e-01
2.462008111163750401e-01 -8.421462744780715548e-01 1.358010397342420961e-01 4.601444236274544464e-01
9.564030402768271266e-02 -8.397946759684271623e-01 3.060659376057377479e-01 4.380884343350067156e-01
-4.489963993151914190e-01 -1.627678416924735472e-01 -2.348493839532894423e-01 8.466136249609542697e-01
-6.325094338699519536e-01 -3.468680557642924156e-01 4.862077711979098105e-01 4.931697184363346143e-01
1.685332805487382291e-01 -8.143193636720472695e-01 9.933021513655367063e-02 5.464558679867553836e-01
4.798392022905574421e-03 -7.628414343965941313e-01 1.233505467331895977e-01 6.346924956404988993e-01
1.105374003609700673e-01 -7.916951899376069024e-01 8.659834218573200793e-02 5.945594473909047162e-01
-7.174400597471145558e-01 -2.123297931622770696e-01 4.017983592785312474e-01 5.279714936308603779e-01
-6.636880232215977005e-01 -3.032935500038433929e-01 4.819826620324331734e-01 4.849989111930080310e-01
-4.826017576791510194e-02 -7.380310039704565117e-01 1.249532307815060667e-01 6.613379489568654845e-01
-5.579079923703870181e-01 -1.087198331376790367e-01 -1.435101329174040818e-01 8.101379584254699839e-01
-4.715029238367676734e-01 -1.100053285934826791e-01 -2.553721854894920873e-01 8.368804379197423149e-01
-3.458606333347564732e-01 -1.096871716066607494e-01 -3.905250727026053914e-01 8.460728776440223919e-01
-3.216363044469698340e-01 -3.434655336706697870e-01 -1.953701391062652726e-01 8.604719772239050046e-01
2.321781452999043538e-01 -8.529414395726888642e-01 1.965601295165551321e-01 4.242031647562294339e-01
-1.438915644273440486e-01 -3.565067891118413046e-01 -3.527099668380709874e-01 8.531083203772562573e-01
6.076754516466795902e-02 -8.239372480466686799e-01 4.960853296876910901e-01 2.670843731943097765e-01
-4.348454298907697413e-01 -2.204861754623790859e-01 -1.955767519984621949e-01 8.509083573516108556e-01
-5.360951864118135290e-02 -7.785042949494466180e-01 2.663064762914975070e-01 5.658073372991303529e-01
-4.681801078776238190e-01 9.640542602126553687e-03 -3.519294861438421185e-01 8.104690514193396700e-01
-4.707679282280200495e-01 -1.698731712325231291e-01 -2.013642949261055803e-01 8.420053943866488977e-01
-6.330926694408608446e-01 -3.422496372068671855e-01 5.442951330654781650e-01 4.310471735822498651e-01
-4.582939136546140269e-01 -2.319984276721120398e-01 -1.537985457219490926e-01 8.440908870486747428e-01
-5.488796053659921181e-01 4.100844934258685709e-02 -2.790198283477385854e-01 7.868909843711437979e-01
-1.927597588777946735e-01 -2.800516162574747114e-01 -3.851405574376338126e-01 8.579519325729030310e-01
-5.857113289767851283e-01 -3.795382051176849347e-01 6.359865263444908212e-01 3.292630077499791308e-01
-6.039459723593204599e-01 -3.045266157920760094e-02 -1.481452244740418811e-01 7.825438584125702368e-01
-3.425229641658628088e-01 -2.001204493620494795e-01 -3.183387411395597888e-01 8.609821546674721882e-01
-1.999001310433178857e-01 -3.297346622990136589e-01 -3.314453318839708507e-01 8.610801252263020622e-01
-5.708291040722220933e-01 -2.868298053441168532e-02 -1.970457545820563650e-01 7.965578391886899423e-01
-6.535459371919457583e-01 -3.178703584433589246e-01 4.880886404224360486e-01 4.833276552128685788e-01
-4.919641938584763952e-01 5.270371112949834291e-02 -3.542681228737754595e-01 7.935286056027528456e-01
-6.068027434663191277e-01 -3.646319595456382068e-01 3.695466290934625309e-01 6.018880739184946371e-01
-7.079007848846677886e-01 -2.331072579827593028e-01 5.004156969538009481e-01 4.405923459136261155e-01
2.013874926400693877e-01 -8.539353028081378971e-01 2.331926122574170257e-01 4.193551979106514560e-01
-7.056574805356052860e-01 -2.351296473299740453e-01 5.163356967296079958e-01 4.244514311359712244e-01
1.125015404458679646e-01 -8.282577804426241030e-01 2.075801576262658321e-01 5.081760823704903896e-01
-7.594447777853178261e-01 -1.392715530005608493e-01 4.484799829503883228e-01 4.502363478354903803e-01
5.223370369557294585e-02 -7.430293574076993757e-01 2.401044639848973206e-02 6.667852073136366631e-01
-6.179168913430386212e-01 -3.628696113047362726e-01 4.377943982162473824e-01 5.429921044315275669e-01
-2.896315042446334087e-01 -1.203525194610710752e-01 -4.343769790129087260e-01 8.443610027186135847e-01
-2.406307441197653996e-02 -8.008021976725717694e-01 3.177345629175658548e-01 5.071307091669823297e-01
1.061137180623669407e-01 -8.088536090338210860e-01 1.421164618699728710e-01 5.606234291014812188e-01
5.237836814404494418e-02 -8.222866156847126184e-01 2.737743742635607713e-01 4.961338732771066740e-01
-7.436245622981515480e-01 -1.616015315602442604e-01 3.778122620295690237e-01 5.274138318288268401e-01
-6.424554453713673396e-01 -3.333173544039453873e-01 4.813954995203464926e-01 4.943773002549661233e-01
-1.554570633789175704e-01 -2.892371529083628268e-01 -4.074538516140394084e-01 8.521480679013194726e-01
-6.989289225030408392e-01 -2.467462473140639712e-01 4.312209576974230796e-01 5.144542121196817863e-01
-4.797766416747333285e-01 -1.540092832885549545e-01 -2.052436170755989053e-01 8.390295420388874659e-01
9.155222868673203174e-02 -8.347262565600827022e-01 2.749007993584497433e-01 4.682732285149010520e-01
-5.774880442451136853e-01 -4.159609580480428948e-01 4.941187330186182503e-01 4.993302692745383298e-01
-1.226263487636855415e-01 -7.340920617384643077e-01 2.295019624425808369e-01 6.272164480595691094e-01
-1.634733667746396391e-02 -7.921855954659640098e-01 2.537473713701364764e-01 5.547855607732915528e-01
9.047316719798120799e-02 -8.250342472514522463e-01 2.235044872315387066e-01 5.110565928219326093e-01
-2.137220603795580431e-01 -2.528006240033804364e-01 -3.918758499066680723e-01 8.583985342896064408e-01
-3.214175600786052245e-01 -2.772727764242999271e-01 -2.666033718191508917e-01 8.652937083220563208e-01
1.934224505347828804e-01 -7.406876119084765397e-01 -8.983683946273716969e-02 6.371020008364308707e-01
-4.379117620495447116e-02 -7.209059154844134065e-01 7.739266962069855926e-02 6.873044220686694850e-01
-1.525309082311458453e-01 -7.150182000579149433e-01 2.226317494203946257e-01 6.449173588686660796e-01
-1.296399929484184921e-01 -7.532542209288850543e-01 3.273189893861809252e-01 5.555752244911227322e-01
-6.358879702118982458e-01 -3.402291893644147081e-01 5.298212032364054691e-01 4.462959563399074847e-01
-3.366314090116488411e-01 -1.585633897308907636e-01 -3.602381053308862935e-01 8.554329040734257594e-01
-4.822837589553427562e-02 -7.741445175443706361e-01 2.376558992908156254e-01 5.847169941490893974e-01
-6.483255071063317443e-01 -2.965735737206233735e-01 6.229503971088523606e-01 3.219486837181027572e-01
-7.653400645081956943e-01 -1.218124498024648200e-01 4.978741434302554336e-01 3.892783708804051224e-01
-6.141526000688479758e-01 -3.708527522754374584e-01 5.016418195937614177e-01 4.833635327505241275e-01
-7.583116115261602230e-01 -1.408493194887242006e-01 4.705540094662508666e-01 4.286069215486336126e-01
1.953050744159967253e-02 -7.938336483161169133e-01 2.005048170551997910e-01 5.737983238193173907e-01
-3.044603306436117207e-01 -1.337328370946092027e-01 -4.107497502556432534e-01 8.489429179938636771e-01
-7.042920944007536876e-01 -2.131643152576955247e-01 5.959697594940407406e-01 3.214866501644085273e-01
-5.796154827287486322e-01 -4.134568420710995063e-01 4.953092182230662832e-01 4.977631065767817997e-01
-3.672623764983418138e-01 -1.945952363150297293e-01 -2.976077318837312968e-01 8.594653446971024513e-01
6.081820764634118109e-02 -8.267015378129123349e-01 2.840046263087856460e-01 4.818787038577855286e-01
-3.685938913546903950e-01 -1.515850931631836374e-01 -3.339927473424889048e-01 8.541717318603631037e-01
-6.999784697810569334e-01 -2.463069546975787394e-01 4.445509859866141888e-01 5.017344384920214839e-01
2.093175169529198076e-01 -8.618276218409345324e-01 3.096025925929951628e-01 3.429075122950195897e-01
-5.037251462563014925e-01 -2.124922403104655411e-01 -1.133912284698670725e-01 8.296086150366335232e-01
1.767029997708177147e-01 -7.695469188392460858e-01 -2.047047757087887623e-02 6.133143966393070912e-01
-4.626485701630176917e-01 -1.647577708920706097e-01 -2.163873024384980470e-01 8.437936434935863206e-01
-2.808448215864365327e-01 -2.425226149657641606e-01 -3.405422486983565311e-01 8.639096852505573354e-01
-6.245142100478312530e-01 -3.571803356544441255e-01 5.073111536104449870e-01 4.743833920918303360e-01
8.060699300240606324e-02 -7.557738478326897491e-01 2.582770358591376589e-02 6.493391512443699165e-01
-7.499175047017562212e-01 -1.530877899576393308e-01 5.084174240415784141e-01 3.945878706178171935e-01
-3.258569893464867140e-01 -1.337699549782466746e-01 -3.907887988875045626e-01 8.504157432122380067e-01
-5.986018742670307091e-01 2.048202304296443954e-01 -3.140849494340730019e-01 7.078665932714589548e-01
2.234037443315395888e-01 -8.624813423340296215e-01 2.878637851099897782e-01 3.512138128925002545e-01
-6.295532900203480997e-01 -3.483442557870465306e-01 5.346495903835921659e-01 4.432479554238024089e-01
-3.582475132648916261e-01 -2.125548933100530613e-01 -2.906072354066144281e-01 8.614096419815591155e-01
-3.327217108359303843e-01 -2.313686561040938505e-01 -2.996187388570182297e-01 8.637091057970426311e-01
-8.796143864525143852e-02 -7.706016074188628551e-01 3.070712617577321946e-01 5.514917843063821268e-01
-6.683313147081371142e-01 -2.957602900188538442e-01 5.057396145928942932e-01 4.583519901340967206e-01
-7.156086205877364437e-01 -2.209450475922110357e-01 4.521337025112671104e-01 4.844199656686803412e-01
-7.118807329275838036e-01 -2.276559036912715051e-01 4.656412232983394017e-01 4.738954133205159902e-01
2.648827644412375323e-02 -8.194764779658285647e-01 3.148193513108955566e-01 4.781688502108092931e-01
