3.532654120759733951e-01 3.457461980275726710e-01 1.561395744636019378e-01 -8.551511845671481149e-01
7.740583939413900882e-01 -8.551842089317487905e-02 -6.455892559319327539e-02 -6.239810474550216979e-01
6.810910849047482341e-01 3.831470677799998087e-02 1.169619594160785023e-02 -7.311019876243561866e-01
6.722645609342705608e-01 7.920279628565318752e-02 -1.557004726384872591e-02 -7.358973099560748299e-01
7.644312425151722490e-01 -1.429591357218647496e-01 7.142674437807579151e-03 -6.286147812311151384e-01
4.244490854683231063e-01 2.839434627447300907e-01 1.399236924136216531e-01 -8.483162406266748778e-01
2.497395990173073843e-01 5.000957863877943943e-01 7.586373133632819121e-02 -8.256991167414299282e-01
4.568987305800238929e-01 2.931633665965183155e-01 8.540473177079367650e-02 -8.354668289473359266e-01
6.682256468771000657e-01 -1.778108262795771999e-01 2.029022006127905176e-01 -6.933170212103132446e-01
7.963587038241387583e-01 -7.426703394031272665e-02 -1.378989856974751904e-01 -5.841926841863509523e-01
3.485260087419081998e-01 3.470492986944128111e-01 1.602349350259745508e-01 -8.558102424622956450e-01
7.384748013534605526e-01 -1.924838036016573994e-01 9.344130898051522527e-02 -6.394323067323183230e-01
3.258748458306512386e-01 3.168772553090009603e-01 2.203015556513304440e-01 -8.630536567909826706e-01
7.632706082159315120e-01 -1.992646020338993684e-01 4.864802859136848484e-02 -6.126540347734005243e-01
6.718761768348338048e-01 -1.210999541720728795e-01 1.617846121864525144e-01 -7.125608348492136201e-01
4.507016473640275689e-01 3.737098819031941521e-01 -1.384552286939269052e-02 -8.105660063978291641e-01
7.573601292995241208e-01 -4.222448734668262510e-02 -6.695361449292266953e-02 -6.481820274599188192e-01
3.411555481848150273e-01 3.499755346266117395e-01 1.654623102283673541e-01 -8.565933930397939822e-01
1.842124792795044319e-01 4.281246492318827590e-01 2.394030019576629531e-01 -8.517401304690502828e-01
7.786781021876503228e-01 -1.549688863901318991e-01 -1.593361803063256601e-02 -6.077755977668859444e-01
8.412421493940974715e-01 -1.620738053507509158e-01 -2.065260870988940289e-01 -4.726422569444524435e-01
6.764236236708891514e-01 3.133536993452615965e-02 2.757022427225579511e-02 -7.353292178776709154e-01
6.892438077679552411e-01 -5.458107443821868382e-02 8.302190684985730207e-02 -7.176846401795938801e-01
2.905680174095761625e-01 3.957126572111479001e-01 1.684704219601123321e-01 -8.547510965808363670e-01
2.891191646088036027e-01 5.394008173780622251e-01 -3.860443959559498733e-02 -7.899155423912710416e-01
2.511533399736290417e-01 4.198177677930402529e-01 1.819958119340946423e-01 -8.529669197007638815e-01
7.425416890218280441e-01 -1.029504587900494650e-01 2.188740480522781071e-02 -6.614786350370064349e-01
4.463285415955099977e-01 3.644020358547284677e-01 6.557006505277312818e-03 -8.172875839555157063e-01
8.141003504823473014e-01 -2.993565523082214463e-01 -1.742848382495190002e-02 -4.973153143491738093e-01
7.684676109815367084e-01 -6.993171673041786995e-02 -6.590343974252384218e-02 -6.326324545085950657e-01
3.284571545797077552e-01 4.374933479574881767e-01 6.834247601998238997e-02 -8.342929785571782109e-01
3.771578134931706794e-01 3.216124271479224306e-01 1.556779974292388791e-01 -8.544482380703319890e-01
4.074738403700826628e-01 3.198621122822874474e-01 1.196251565290236130e-01 -8.469611091813934456e-01
6.893893800775409142e-01 -9.997100102898132112e-02 1.182321312523236523e-01 -7.076505103008833286e-01
3.384045014730728829e-01 3.133239572987439048e-01 2.102959608459253060e-01 -8.620244196177420104e-01
3.237890678249633614e-01 3.622110084734463387e-01 1.711331024656451427e-01 -8.571331787640548150e-01
3.926397901662422307e-01 3.336600862914057553e-01 1.220042572199134812e-01 -8.483041336775615227e-01
3.208149896146028635e-01 4.189857812088319533e-01 1.033205288175319814e-01 -8.431212996409666038e-01
7.477594056478640283e-01 -5.222528306514444968e-02 -3.452232212128047983e-02 -6.610118004614390363e-01
3.910582250391794190e-01 4.266994831397592502e-01 -2.284965132420335027e-03 -8.154727430465180671e-01
2.848185587281740205e-01 4.417266121160567383e-01 1.162177930600499509e-01 -8.427629639042807375e-01
3.880044629448325400e-01 3.275996560833208671e-01 1.351920451585614247e-01 -8.507961641867147762e-01
4.341829103948989244e-01 3.169641583316744060e-01 8.751822934335003190e-02 -8.386652980699232929e-01
3.351333901162326656e-01 4.801456186134800408e-01 -4.647032525847826813e-03 -8.106319762038649568e-01
2.903323700863641998e-01 3.135185074477958578e-01 2.615882341896430541e-01 -8.654391117238030562e-01
6.656024263445758926e-01 -2.351860441822775094e-01 2.370261528431399645e-01 -6.674425350054381534e-01
7.131079525330324964e-01 6.840110165191888580e-02 -8.957340514056669201e-02 -6.919356490443847596e-01
7.417551027594395663e-01 -6.729101698920311736e-02 -7.216600014673365052e-03 -6.672474857555629191e-01
3.651250952756312507e-01 3.733501604212088321e-01 1.075330040466048465e-01 -8.460082597434447349e-01
6.416444657021719289e-01 3.843914042754112415e-02 8.159664184604635551e-02 -7.616802479757593947e-01
2.651141798683246953e-01 4.209505173816647239e-01 1.654815396526484739e-01 -8.515462369026378653e-01
3.808109872622856273e-01 3.953356980583524471e-01 5.773538272195277710e-02 -8.338820680425910181e-01
4.703519278100246614e-01 3.325939948411267832e-01 1.433301581397892523e-02 -8.172789384651303335e-01
7.260295413917181584e-01 -1.656482779679753770e-01 9.956466636478517040e-02 -6.599459297885280629e-01
2.547763835227070950e-01 3.295020614499113987e-01 2.804979817143690712e-01 -8.647764266869875094e-01
2.940507704488878882e-01 3.217973458845312384e-01 2.490077874770714739e-01 -8.648559038104904895e-01
3.803267683291441936e-01 2.833754590415076824e-01 1.948364479662388071e-01 -8.585386753368907664e-01
5.423829226602970843e-01 2.000605074342075018e-01 7.047129776050928274e-02 -8.129147278550138411e-01
3.790468737916066755e-01 3.077577425616017659e-01 1.693151329350464085e-01 -8.561197492882547389e-01
7.604192674564272947e-01 -4.244157785559542206e-02 -7.419482382395330144e-02 -6.437828657768785989e-01
4.008933260966397460e-01 3.154913959345376773e-01 1.333084961569124538e-01 -8.496932181880897383e-01
6.985698938073162667e-01 -7.807877406388084862e-02 8.560743914842666724e-02 -7.060985588918622380e-01
3.596022315644769596e-01 3.130908806035447300e-01 1.863399292767624615e-01 -8.590330414447842067e-01
5.868827585024377624e-01 4.472910065492575332e-02 1.606923206872873100e-01 -7.923041798446508466e-01
7.366914739354695207e-01 -1.428164954438108647e-01 6.399559029988051428e-02 -6.578705687915391565e-01
5.894210760043611108e-01 -3.435741303661448559e-02 2.211436784209676876e-01 -7.762073413887143891e-01
7.674001568100335957e-01 -3.530220182968243359e-01 1.095267600657834489e-01 -5.239048985789928059e-01
3.778451980409587851e-01 3.121583424946909879e-01 1.657514639620182029e-01 -8.557550044976679482e-01
4.608687115929894773e-01 3.072318465123029529e-01 6.216681468224616314e-02 -8.302673727875388154e-01
6.008711991625255155e-01 -8.882614769588062509e-02 2.439617990893457322e-01 -7.560068505559904839e-01
7.360553897107129373e-01 -1.865658530175644536e-01 9.433941601927837983e-02 -6.438289527124269052e-01
7.457248749344642658e-01 -3.843106664895767910e-02 -4.357820336767215946e-02 -6.637156049178344341e-01
7.052681466706084423e-01 4.504851739791050635e-02 -4.419011287825037188e-02 -7.061265511902684588e-01
2.723555747116417902e-01 3.971168851910827358e-01 1.868114347618072546e-01 -8.562838946645318083e-01
3.577152041495520463e-01 3.070110956353184761e-01 1.952984334468309269e-01 -8.600247332317013660e-01
6.691508375423431687e-01 -9.690854691745380556e-02 1.492610262109869967e-01 -7.215033168358764293e-01
5.795743880987138663e-01 2.094079221528207246e-01 -1.429259328988836605e-03 -7.875530509225457942e-01
7.409254676149327201e-01 -8.781710996830222049e-02 1.259353473411764512e-02 -6.657018923807480615e-01
6.367054458107166415e-01 -7.918906446350242045e-02 1.864960460664388808e-01 -7.440124274136532545e-01
3.578683365263587990e-01 4.337106374096346140e-01 3.463280608895282636e-02 -8.262117800249463295e-01
7.974659252940154985e-01 -3.368651951140135686e-02 -1.931652661464252352e-01 -5.706141396361891216e-01
7.912159037586894428e-01 -2.985839852472520484e-01 3.958777788762433969e-02 -5.322196963990616370e-01
3.631851659523149811e-01 3.011272434545043120e-01 1.954627059867468097e-01 -8.597751153935659918e-01
7.678980852368372245e-01 -2.934888941839486343e-02 -1.077944685901159882e-01 -6.307547272283264839e-01
6.733930486531409798e-01 1.252418735206871914e-01 -7.378143720871220557e-02 -7.248534849651159240e-01
5.430116111359510889e-01 2.146777400829238958e-01 5.243555904616745145e-02 -8.101249102650424083e-01
3.751574315586561070e-01 1.678850425381463729e-01 3.131256434280487722e-01 -8.561681175248513354e-01
4.476514782041695617e-01 2.892656013396850412e-01 1.029278064884892319e-01 -8.398448860323437515e-01
3.678212276419490778e-01 3.860922952973840361e-01 8.750393868297780264e-02 -8.414174616223107916e-01
3.518343370642830759e-01 3.008515404291565165e-01 2.087745822448142108e-01 -8.614604597382536921e-01
7.720548089854691876e-01 -4.193184162078468502e-02 -1.046451642590061626e-01 -6.254778031056782428e-01
6.823888975758874986e-01 2.657245225182494272e-02 2.123610636675369451e-02 -7.301974561944662989e-01
2.826488980492823377e-01 3.715354325068207508e-01 2.058677082822980842e-01 -8.600520388384012005e-01
7.602827145133653763e-01 -1.659773738235882923e-01 3.286421286309031825e-02 -6.271695535528674093e-01
3.321435572386806645e-01 4.683252336431806828e-01 1.808186669213588879e-02 -8.185506575739972535e-01
6.998325937165744692e-01 -1.773066201001164965e-01 1.524277229549291790e-01 -6.749536965713871517e-01
3.712365616077626940e-01 3.181297782966571730e-01 1.668654026144416325e-01 -8.562317425188614717e-01
6.516296837000692399e-01 -2.246027475580175334e-02 1.195507690860643096e-01 -7.487201780303318621e-01
8.288356301800702264e-01 -2.003850725413768019e-01 -1.200574787746424149e-01 -5.083930788640510512e-01
3.363140051977987488e-01 4.136728764864889274e-01 9.112214558355621885e-02 -8.411090272678437563e-01
