-2.297941973578398675e-02 -8.041725705350839526e-01 3.404725904162526628e-01 4.866793998546153910e-01
5.678324487033149515e-01 -7.928933732190263095e-01 2.210666291171516085e-01 3.994295398559687994e-03
4.105131299243147680e-01 -8.324826999250064530e-01 3.681826944680451352e-01 5.378687553264666077e-02
1.985720367511668305e-01 -8.153603601178122107e-01 5.381143299841557592e-01 7.867399338248955154e-02
3.265093613843271791e-01 -6.260126026137755595e-01 6.275846262472638548e-01 -3.280813850178153634e-01
-1.923044619182279202e-02 -8.056017576844236583e-01 4.847414629097683281e-01 3.400907409664782888e-01
3.596570581248770826e-01 -8.545210464164644248e-01 3.422881966797905462e-01 1.525757916117967683e-01
-4.033281502276965524e-02 -6.949762899207942990e-01 7.176841801990748726e-01 1.762492474448914409e-02
5.708620853805405071e-01 -7.027089100970822511e-01 3.588610119859336756e-01 -2.270141872693923479e-01
6.273516210040789298e-01 -7.355246020765254800e-01 2.266883538614401505e-01 -1.185153727889936975e-01
1.328812118543427068e-01 -7.474128570702879282e-01 6.499698006533422001e-01 -3.543815543739708279e-02
3.299128815740619003e-01 -8.198885533311895957e-01 4.673638364171379678e-01 2.261183533998977618e-02
5.347445332334330725e-01 -7.937823925309706041e-01 2.882758054211908005e-01 -2.923794612365346324e-02
7.681146598633891154e-01 -6.317679825809999761e-01 -4.012091195909293917e-02 -9.622576532329607524e-02
4.740313319115783686e-01 -7.662785374920749737e-01 4.157597323800504285e-01 -1.235125267995536291e-01
5.876421074596874794e-01 -7.365880205517680857e-01 2.992199242748046495e-01 -1.502740111827238212e-01
-8.221395067269202106e-02 -6.208237947168245841e-01 7.761879476855109150e-01 -7.315020229599415724e-02
5.159537602506423237e-01 -7.553892535486380622e-01 3.790574034516422941e-01 -1.396219101536464446e-01
1.367061545162251701e-01 -6.991607811905528047e-01 6.900720429281929080e-01 -1.276174162538653845e-01
6.382879813826820570e-01 -5.469777057940284903e-01 3.346309775009100318e-01 -4.259412530895635984e-01
4.987852732900107666e-01 -7.530808092300308454e-01 4.026014266123851826e-01 -1.483058906723647985e-01
4.563515707239087504e-01 -8.460489495893687151e-01 1.973381923190831166e-01 1.923591865463768202e-01
3.194583178410711488e-01 -2.978255794095359121e-01 6.251916180475621809e-01 -6.468243564790975286e-01
5.608820705045259869e-01 -7.926525624677953630e-01 2.388780053769456735e-01 -7.107513413676649558e-03
1.551548504199879441e-01 -8.549392636163852810e-01 3.410402169373653036e-01 3.587441962590319777e-01
3.337333987733249185e-01 -6.290741919066458188e-01 6.216295654704258045e-01 -3.262887723371050153e-01
-1.912484380977051701e-01 -5.574563924030770945e-01 8.058538311730576442e-01 -5.714900067227555308e-02
-3.359887843080270470e-02 -7.313593742865208691e-01 6.752281799961162845e-01 8.973007272120736566e-02
6.319980074758366206e-02 -8.239299294778653637e-01 4.982423143268487897e-01 2.624878144034328842e-01
4.659210938052338324e-01 -7.255009053628762583e-01 4.636125618260336645e-01 -2.040327502683909888e-01
4.958844064650941297e-01 -6.999259330600764439e-01 4.508659090048217633e-01 -2.468243824098393380e-01
8.045674472986949488e-02 -3.895171549790986676e-01 7.846269951548252575e-01 -4.755665849055957239e-01
2.299940843143778169e-01 -8.527548990824024289e-01 4.253898084570939542e-01 1.973710063109307689e-01
6.941747407443330520e-01 -6.966551736475350420e-01 -1.268025929305880151e-01 1.292830258337900884e-01
5.327141802564199224e-01 -7.785440344742052821e-01 3.227506470465317800e-01 -7.692079282874667023e-02
2.822199917036293804e-01 -7.559350524380503700e-01 5.808859400915944438e-01 -1.071708793571736346e-01
5.511762909623432183e-01 -8.074119412592499767e-01 2.038221815337517839e-01 5.241346876315498143e-02
3.102133737500727129e-02 -6.215404593170775760e-01 7.634308530051394648e-01 -1.729117310630691184e-01
2.568697596440158715e-01 -8.648857231326462225e-01 3.279757368878584156e-01 2.800402266007719354e-01
2.676766116614884838e-01 -8.656931005773977894e-01 3.065191257131786862e-01 2.914973632027305084e-01
1.324460049836173603e-01 -8.473324177053420669e-01 2.905308079490904194e-01 4.243556047726340652e-01
5.535096571618689509e-01 -4.491108987883805082e-01 4.409927282334172305e-01 -5.453914866069058398e-01
8.510608097973935970e-02 -7.114845770672318936e-01 6.942218197455088946e-01 -6.784332365801645781e-02
5.067907246995045911e-01 -8.182630021159277289e-01 2.677658912904908317e-01 4.370638612593252814e-02
-3.678535721874370140e-02 -8.012740492599138564e-01 4.711591147228210152e-01 3.669002917558366050e-01
4.361783579565125524e-01 -8.458885139945432341e-01 2.765832313554507649e-01 1.331269246825797503e-01
-1.657853030483885381e-01 -7.461306729498495827e-01 4.538510309339288673e-01 4.580649450643091702e-01
6.302413413061174197e-01 -5.756946324053056063e-01 3.400710821499263736e-01 -3.946177910507381870e-01
5.239317955225741841e-01 -6.781060944266722457e-01 4.333052996919066202e-01 -2.791310007878084476e-01
3.188280634447933082e-01 -7.821533641702984596e-01 5.310366753974383736e-01 -6.771137467193306947e-02
6.593733707068258898e-01 -7.421062497633367228e-01 -3.307382990444261012e-02 1.158067089609534223e-01
4.025297554917500048e-02 -6.435211583470609176e-01 7.501282198616032737e-01 -1.468600370637174468e-01
4.823032339505315957e-01 -8.388766133197953501e-01 1.713106339021438218e-01 1.852627454671200435e-01
3.663050429827875987e-01 -8.137416133322196155e-01 -3.817931693965521435e-03 4.512545020433975096e-01
-1.093941556826914102e-02 -7.997821231984098000e-01 5.310472401929746677e-01 2.796742985737042941e-01
7.261451047439434481e-01 -6.814644176647332019e-01 -8.284386581037143926e-02 3.816317873116113063e-02
4.459693173798048305e-01 -8.301482395338568576e-01 3.302353011173695396e-01 5.394362103668266795e-02
2.799357174041833263e-01 -8.607541839954703233e-01 3.680725556845624857e-01 2.127459109067246223e-01
2.202485388831406932e-01 -8.576307822817367255e-01 3.987909353780589305e-01 2.385913080205371573e-01
4.675333424099670232e-02 -7.951285464013944093e-01 5.810111919533956781e-01 1.673640202070020844e-01
-9.812588845296894846e-02 -7.507068957766767081e-01 6.068333853708448578e-01 2.419993988588008682e-01
1.369117876107928955e-01 -8.066906097037335188e-01 5.653276754112803726e-01 1.044511466816601952e-01
1.885122906059104597e-01 -8.467373712122882035e-01 2.048772552321188045e-01 4.533478253742589947e-01
3.258511239379492386e-01 -7.506651049354869931e-01 5.588817269768281415e-01 -1.340677459792903314e-01
4.736301570611917144e-01 -8.392273866670190152e-01 2.304494313883010126e-01 1.351477982175264825e-01
8.930949710111536766e-02 -7.825979242927256774e-01 6.105001221722049509e-01 8.278830501940544206e-02
2.096290134893655233e-01 -8.591947268060116105e-01 3.834014977801398216e-01 2.661642155365062101e-01
5.597649846053999179e-01 -6.487073624375262471e-01 4.063320369238630492e-01 -3.173896590917364424e-01
9.648906642343187123e-02 -8.421903841392136547e-01 3.318019725046616464e-01 4.138993452111200955e-01
1.698894431402546146e-01 -8.449406362090147171e-01 4.586986994913095916e-01 2.163524935774505664e-01
7.330796060973565620e-01 -6.327307536888668871e-01 1.189573838886713725e-01 -2.193062362971609502e-01
1.267167200434592411e-01 -8.375387537109546532e-01 2.332682169638182201e-01 4.775538167036771919e-01
4.564352661038701964e-01 -3.321661636638295612e-01 5.182149480745498193e-01 -6.424840505145904546e-01
1.504377724878401823e-01 -8.530416486632805828e-01 3.134712703276075763e-01 3.891326058478328798e-01
3.610770136452510215e-01 -8.527340226075352803e-01 3.497630263536391504e-01 1.418939826086449418e-01
2.908588269683952676e-01 -7.534329999963134128e-01 5.782398387114976446e-01 -1.156656656835795272e-01
2.475040188991996515e-01 -8.403717250774523917e-01 4.649139198693834629e-01 1.279537863088691663e-01
3.400552467544677437e-01 -4.665878227698995739e-01 6.371360408267038311e-01 -5.106034648112718344e-01
6.556848552724839352e-02 -8.197231943932579146e-01 2.367563014384739817e-01 5.173984074275360667e-01
3.869187390301519029e-03 -6.871814107191632770e-01 7.252632941282391998e-01 -4.195107079937731437e-02
3.838628000880104363e-01 -8.071544830187815656e-01 4.478269868094764128e-01 -2.453530387870521412e-02
3.177190914586819903e-01 -8.136137508417438102e-01 4.868317020995818756e-01 9.062957283480135157e-03
-3.295163948861299374e-01 -6.399746444268501477e-01 5.618654338741996268e-01 4.076256054387804584e-01
7.183605048450347752e-01 -4.241086803580465525e-01 2.139820662177845945e-01 -5.082338907047726506e-01
2.103319319976376667e-01 -8.345032278177675344e-01 4.917658330738417516e-01 1.324054627462879496e-01
1.592119566729776059e-01 -8.451471745300460636e-01 4.550484830505937550e-01 2.308867348064745917e-01
1.315964123423310206e-01 -7.834056719760403853e-01 6.056637064366078294e-01 4.614555319710152842e-02
2.866097722832555705e-01 -8.294597014736360130e-01 4.745362878295272258e-01 6.831364136085353589e-02
3.391837610741451625e-01 -8.097402051579405402e-01 4.787566531605295661e-01 -8.200209076734053110e-03
-1.736610555315107884e-01 -6.349064209011610060e-01 7.505820146470812970e-01 5.798546178559051134e-02
3.735940529552774780e-01 -8.205937216972253312e-01 1.475468403228849187e-02 4.322449847096593856e-01
5.084754712729728787e-01 -8.300687000483312206e-01 1.798694473802067151e-01 1.417237813951514325e-01
-1.040912739525407527e-01 -7.515350808922171000e-01 5.985641647149891886e-01 2.570621901297683309e-01
7.215970618116813728e-01 -5.742721250678135547e-01 1.896404828663249831e-01 -3.369654196101926069e-01
4.673884976557985960e-01 -5.978088172643533094e-01 5.210982383809449336e-01 -3.906779187723904423e-01
2.399081671550085948e-01 -8.345673494009331339e-01 1.114107390240837853e-01 4.832484432218409065e-01
3.913504266563484491e-01 -8.241997734074402171e-01 4.085968599421702097e-01 2.425248680892150635e-02
5.687027101589746669e-01 -7.884843977637632229e-01 2.338214430056351767e-01 -1.403975540084655138e-02
6.675000307891988394e-01 -7.330067888205875626e-01 1.193535775300677004e-01 -5.384681949867899109e-02
-1.653547637556305738e-01 -6.752141878141145748e-01 7.061738962837037503e-01 1.343950552860412317e-01
